11
2 1
1 3
3 4
5 2
1 6
1 7
5 8
3 9
3 10
11 4
10
2 6 688
1 10 856
1 8 680
1 8 182
2 2 452
2 4 183
2 6 518
1 3 612
2 6 339
2 3 206


7
2 1
2 3
4 2
4 5
6 1
3 7
7
2 2 1
1 3 2
2 2 4
1 6 8
1 3 16
2 4 32
2 1 64

5
1 2
2 3
2 4
4 5
4
1 1 1
1 4 10
2 1 100
2 2 1000

---
3
1 4
3 1
2 0
5
3 1
4 1
3 2
3 2
3 2
1
273 691
4
2 1
2 2
4 1
1 3
--


10
red
red
red
!orange
yellow
!blue
cyan
!green
brown
!gray

6
a
!a
b
!c
d
!d

--
10
-31 -35
8 -36
22 64
5 73
-14 8
18 -58
-41 -85
1 -88
-21 -85
-11 82

3
0 0
1 2
2 1

---

