6 1
abcdef





5
8 2 4 1 9
2 3 5 1 1











1
0 1

1146.0 0


20
783 292 159.0





2
1 3
1 6





1000
>=<>=><=><<===<>>>>>>><>>>>>=====>>=<><===>>==><><>>=<>=<=<>=>>=<<=<=<>=<>=>=>=<><><<<==>=>><>>=<<><>===>>=>==>>=<<><<=>>==<<>=<>>=>=<=<>==<==<=>><>>>=>=><=<===<=<><<===<>>=>><<<==><<<=<>>==>===<==<<<==<>>=<=>==<<<><<><<=<<=><>=<<>><<=<=>><<>>=<==><==<>><<=<>==<<>><==>=<=====>>===<>>>><==>>=>>>=>><><><>>><<<=<=><>><==>=<><<===><><<=>=<>=<><=<<=<><>>><>=>>=<=<=<<<<<<>=>>==>=<<>===<===>><===><>>>><><>>>><><====<==>==<><<><>><<<>><==<=<=>><<=====<==<===<=>><<==>==<=<<>>=>==>=>==>>=<>>=<==>==<=>=>=<>>><<>====><=<=><==<>=>=>><<=>==<<><><<<>=><><==<>=<=>==>><=<==><=<<>>=>=<>><>><==>===>=>><=>><<<=>=>><<====><><=<=<><>><=>>==<=>==><><<=>><=<><=><=>>==<><>=<<<<<<=<=>><=<=<<<==>>>=<<>>=>><=<<<<>==>===<<<>=>>>===<<><><>===>=>>>>>>>==><<<>>><>=<<=<=<=<>==<<=<=<=>>===>>>=<=>==<<><=<=>>><<<=<==>><<<<===><>===<>=>==<><>>=<<==>><><>==><<=>=>>>><><<=>><==<=>>>><==<<>>>>=<<<<><<<==>>>=>=>>=>=<==<>>=><>==<>=<<><>><><=<=<<==<<>=<>=>><<><=<<>=<>>=>><><<<<<<====>>>>><=>=<<>=>=<=<=<===>==<<<<>=<=<>=<>><==>>
3
<>



n = 100
790875697






7
314 159 265 358 979 323 846
2
1 2

6
5 3 4 1 5 2


4 3 4 1 4 2
