3
1 2,2 1,3 1 2



-----------------------


3
3
2 4 0
3 0 1
1 0 0
2
1 4
5 4
3
5 0 1
1 5 0
0 1 5


---------------------


206 4
2 20 9 30

12 4
2 3 4 5

63 3
15 31 9






----------------------


its harder to read code than to write it


----------------------

3 1,1,1
3 3,1,1

2 1,2&3
3 1,2,2

2 1&2,2
2 1,2






-------------
1
12
1 1 2 4 5 6 3 3 3 3 3

1
5 2
1 1 2 5 2
1 3
4 2


2
3
1 2
7
1 2 2 2 2 3


2
1
8





2 2
0.99 0.80
1.00 0.50
100.00 0.40
4 2
0.50 0.50 0.50 0.50
4.00 1.00 2.00 3.00
4.00 0.50 1.00 1.00





6 2
3 1 2 1 4 5
3
2
6 2
3 6 9 8 2 4
5
2


8 100 10 12 5 6 14 5 6
14 5 1 6 3 2 5 6 1 3 6 2 5 5 10
