3 3 5
2 3 D
1 3 D
2 1 D
1 2 X
3 1 R
2 2 3
1 1 X
2 1 R
2 2 R

----

3
3 2 20
1 4 1
20
715806713 926832846 890153850 433619693 890169631 501757984 778692206 816865414 50442173 522507343 546693304 851035714 299040991 474850872 133255173 905287070 763360978 327459319 193289538 140803416
974365976 488724815 821047998 371238977 256373343 218153590 546189624 322430037 131351929 768434809 253508808 935670831 251537597 834352123 337485668 272645651 61421502 439773410 621070911 578006919


---
4 2
0 1 0 2

5 2
0 1 1 2 3

20 4
6 2 6 8 4 5 5 8 4 1 7 8 0 3 6 1 1 8 3 0
