[[(51, 51), (1, 3, 1)], [(1, 3, 1), (0, 3, 2)], [(0, 3, 2), (52, 52)]]
[[(51, 51), (1, 0, 1)], [(1, 0, 1), (0, 0, 2)], [(0, 0, 2), (52, 52)]]
[[(51, 51), (3, 3, 1)], [(3, 3, 1), (2, 3, 2)], [(2, 3, 2), (52, 52)]]
[[(51, 51), (2, 3, 1)], [(2, 3, 1), (1, 3, 2)], [(1, 3, 2), (52, 52)]]
[[(51, 51), (2, 0, 1)], [(2, 0, 1), (1, 0, 2)], [(1, 0, 2), (52, 52)]]
[[(51, 51), (3, 0, 1)], [(3, 0, 1), (2, 0, 2)], [(2, 0, 2), (52, 52)]]
[[(51, 51), (0, 2, 1)], [(0, 2, 1), (0, 1, 2)], [(0, 1, 2), (52, 52)]]
[[(51, 51), (0, 3, 1)], [(0, 3, 1), (0, 2, 2)], [(0, 2, 2), (52, 52)]]
[[(51, 51), (3, 2, 1)], [(3, 2, 1), (3, 1, 2)], [(3, 1, 2), (52, 52)]]
[[(51, 51), (3, 1, 1)], [(3, 1, 1), (3, 0, 2)], [(3, 0, 2), (52, 52)]]
[[(51, 51), (0, 0, 1)], [(0, 0, 1), (1, 0, 2)], [(1, 0, 2), (2, 0, 1)], [(2, 0, 1), (3, 0, 2)], [(3, 0, 2), (3, 1, 1)], [(3, 1, 1), (3, 2, 2)], [(3, 2, 2), (52, 52)]]
[[(51, 51), (0, 1, 1)], [(0, 1, 1), (0, 2, 2)], [(0, 2, 2), (0, 3, 1)], [(0, 3, 1), (1, 3, 2)], [(1, 3, 2), (2, 3, 1)], [(2, 3, 1), (3, 3, 2)], [(3, 3, 2), (52, 52)]]
96
12
18
LL
ULRU
URRU
ULLU
0
0
96
LL
ULRU
URRU
ULLU
