1 2 3 2 1
1 1 2
1 2 5
2 1 1
1 3 4
2 3 4
12 9
1 2 3 1 2 3 1 2 3 1 2 3
1 1 2
1 3 4
1 5 6
1 7 8
2 2 1
1 9 10
2 5 6
1 4 8
2 6 1
5 4
2 2 2 2 2
1 1 2
1 1 3
1 2 3
2 2 2
5 5





----------

3 3
...
.#.
...
4 4
...#
....
..#.
....
8 10
..........
..........
..........
..........
..........
..........
..........
..........






--------------
6 1000000000
0 200000 999999999
2 20 1
20 200 1
200 2000 1
2000 20000 1
20000 200000 1
4 10
1 3 5
2 4 4
3 10 6
2 3 1
4 10
1 3 5
2 4 4
3 10 6
2 4 1








---------

5 5
0 1 1 1 1
1 0 1 1 1
1 1 0 1 1
1 1 1 0 1
1 1 1 1 0


4 330
0 1 10 100
1 0 20 200
10 20 0 300
100 200 300 0


---------

1 1 3 2
-9 99 -999 9999



-----
1
